(kicad_pcb (version 20171130) (host pcbnew 5.0.1)

  (general
    (thickness 1.6)
    (drawings 25)
    (tracks 227)
    (zones 0)
    (modules 49)
    (nets 21)
  )

  (page A4)
  (layers
    (0 F.Cu signal)
    (31 B.Cu signal)
    (32 B.Adhes user)
    (33 F.Adhes user)
    (34 B.Paste user)
    (35 F.Paste user)
    (36 B.SilkS user)
    (37 F.SilkS user)
    (38 B.Mask user)
    (39 F.Mask user)
    (40 Dwgs.User user)
    (41 Cmts.User user)
    (42 Eco1.User user)
    (43 Eco2.User user)
    (44 Edge.Cuts user)
    (45 Margin user)
    (46 B.CrtYd user)
    (47 F.CrtYd user)
    (48 B.Fab user)
    (49 F.Fab user)
  )

  (setup
    (last_trace_width 2)
    (user_trace_width 2)
    (user_trace_width 3)
    (user_trace_width 4)
    (user_trace_width 5)
    (trace_clearance 1)
    (zone_clearance 0.508)
    (zone_45_only no)
    (trace_min 0.2)
    (segment_width 0.2)
    (edge_width 0.1)
    (via_size 0.8)
    (via_drill 0.4)
    (via_min_size 0.4)
    (via_min_drill 0.3)
    (user_via 1.5 0.6)
    (user_via 2 0.6)
    (user_via 3 1)
    (user_via 4 0.6)
    (uvia_size 0.3)
    (uvia_drill 0.1)
    (uvias_allowed no)
    (uvia_min_size 0.2)
    (uvia_min_drill 0.1)
    (pcb_text_width 0.3)
    (pcb_text_size 1.5 1.5)
    (mod_edge_width 0.15)
    (mod_text_size 1 1)
    (mod_text_width 0.15)
    (pad_size 1.5 1.5)
    (pad_drill 0.6)
    (pad_to_mask_clearance 0)
    (solder_mask_min_width 0.25)
    (aux_axis_origin 0 0)
    (visible_elements FFFFFF7F)
    (pcbplotparams
      (layerselection 0x010fc_ffffffff)
      (usegerberextensions false)
      (usegerberattributes false)
      (usegerberadvancedattributes false)
      (creategerberjobfile false)
      (excludeedgelayer true)
      (linewidth 0.100000)
      (plotframeref false)
      (viasonmask false)
      (mode 1)
      (useauxorigin false)
      (hpglpennumber 1)
      (hpglpenspeed 20)
      (hpglpendiameter 15.000000)
      (psnegative false)
      (psa4output false)
      (plotreference true)
      (plotvalue true)
      (plotinvisibletext false)
      (padsonsilk false)
      (subtractmaskfromsilk false)
      (outputformat 1)
      (mirror false)
      (drillshape 1)
      (scaleselection 1)
      (outputdirectory "../../../../Desktop/"))
  )

  (net 0 "")
  (net 1 GND)
  (net 2 Logical_10V)
  (net 3 12V)
  (net 4 Motor1_12V)
  (net 5 Motor2_12V)
  (net 6 "Net-(D1-Pad2)")
  (net 7 18V)
  (net 8 "Net-(D3-Pad2)")
  (net 9 "Net-(D4-Pad2)")
  (net 10 "Net-(D5-Pad2)")
  (net 11 MotorExt_12V)
  (net 12 "Net-(F2-Pad2)")
  (net 13 "Net-(F3-Pad2)")
  (net 14 Raspberr_5V)
  (net 15 "Net-(D7-Pad2)")
  (net 16 "Net-(D6-Pad2)")
  (net 17 "Net-(F4-Pad2)")
  (net 18 "Net-(F6-Pad2)")
  (net 19 "Net-(F5-Pad2)")
  (net 20 "Net-(F1-Pad2)")

  (net_class Default "This is the default net class."
    (clearance 1)
    (trace_width 0.25)
    (via_dia 0.8)
    (via_drill 0.4)
    (uvia_dia 0.3)
    (uvia_drill 0.1)
    (add_net 12V)
    (add_net 18V)
    (add_net GND)
    (add_net Logical_10V)
    (add_net Motor1_12V)
    (add_net Motor2_12V)
    (add_net MotorExt_12V)
    (add_net "Net-(D1-Pad2)")
    (add_net "Net-(D3-Pad2)")
    (add_net "Net-(D4-Pad2)")
    (add_net "Net-(D5-Pad2)")
    (add_net "Net-(D6-Pad2)")
    (add_net "Net-(D7-Pad2)")
    (add_net "Net-(F1-Pad2)")
    (add_net "Net-(F2-Pad2)")
    (add_net "Net-(F3-Pad2)")
    (add_net "Net-(F4-Pad2)")
    (add_net "Net-(F5-Pad2)")
    (add_net "Net-(F6-Pad2)")
    (add_net Raspberr_5V)
  )

  (module "dsn2596:B plug 5mm" (layer F.Cu) (tedit 57092EFC) (tstamp 5C5F9AB0)
    (at 139.219116 94.934906 180)
    (path /5C46C6C1)
    (fp_text reference U14 (at 0 -7.5 180) (layer F.SilkS)
      (effects (font (size 1 1) (thickness 0.15)))
    )
    (fp_text value B_Plug_5mm (at 0 -9.5 180) (layer F.Fab)
      (effects (font (size 1 1) (thickness 0.15)))
    )
    (fp_line (start -8.5 -5.685) (end -8.5 5.685) (layer F.SilkS) (width 0.15))
    (fp_line (start -7 -5.685) (end -7 5.685) (layer F.SilkS) (width 0.15))
    (fp_line (start -10 5.685) (end 0 5.685) (layer F.SilkS) (width 0.15))
    (fp_line (start -10 -5.685) (end -10 5.685) (layer F.SilkS) (width 0.15))
    (fp_line (start 0 -5.685) (end -10 -5.685) (layer F.SilkS) (width 0.15))
    (fp_line (start 2 5.685) (end 0 5.685) (layer F.SilkS) (width 0.15))
    (fp_line (start 2 -5.685) (end 2 5.685) (layer F.SilkS) (width 0.15))
    (fp_line (start 0 -5.685) (end 2 -5.685) (layer F.SilkS) (width 0.15))
    (fp_line (start 2 -5.685) (end 2 5.685) (layer F.SilkS) (width 0.15))
    (pad 1 thru_hole circle (at 0 -2.5 180) (size 2 2) (drill 1.5) (layers *.Cu *.Mask F.SilkS)
      (net 2 Logical_10V))
    (pad 2 thru_hole circle (at 0 2.5 180) (size 2 2) (drill 1.5) (layers *.Cu *.Mask F.SilkS)
      (net 1 GND))
  )

  (module dsn2596:DSN2596 (layer F.Cu) (tedit 5704CEDC) (tstamp 5C473D22)
    (at 43.18 74.93 270)
    (path /5C40AA97)
    (fp_text reference U16 (at -7.112 -2.54 270) (layer F.SilkS)
      (effects (font (size 1 1) (thickness 0.15)))
    )
    (fp_text value DSN2596 (at -7.366 -5.08 270) (layer F.Fab)
      (effects (font (size 1 1) (thickness 0.15)))
    )
    (fp_line (start -21.59 10.668) (end -21.59 -10.668) (layer F.SilkS) (width 0.15))
    (fp_line (start 21.59 -10.668) (end 21.59 10.668) (layer F.SilkS) (width 0.15))
    (fp_line (start 13.462 -9.652) (end 13.462 -5.842) (layer B.Paste) (width 0.15))
    (fp_line (start 2.032 -9.652) (end 13.462 -9.652) (layer B.Paste) (width 0.15))
    (fp_line (start 2.032 -5.842) (end 2.032 -9.652) (layer B.Paste) (width 0.15))
    (fp_line (start 13.462 -5.842) (end 2.032 -5.842) (layer B.Paste) (width 0.15))
    (fp_line (start 12.446 -4.318) (end -1.27 -4.318) (layer B.Paste) (width 0.15))
    (fp_line (start 12.446 9.144) (end 12.446 -4.318) (layer B.Paste) (width 0.15))
    (fp_line (start -1.27 9.144) (end 12.446 9.144) (layer B.Paste) (width 0.15))
    (fp_line (start -1.27 -4.318) (end -1.27 9.144) (layer B.Paste) (width 0.15))
    (fp_line (start -11.938 0.508) (end -3.048 0.508) (layer B.Paste) (width 0.15))
    (fp_line (start -11.938 0.254) (end -11.938 0.508) (layer B.Paste) (width 0.15))
    (fp_line (start -11.938 -8.128) (end -11.938 0.254) (layer B.Paste) (width 0.15))
    (fp_line (start -3.048 -8.128) (end -11.938 -8.128) (layer B.Paste) (width 0.15))
    (fp_line (start -3.048 0.508) (end -3.048 -8.128) (layer B.Paste) (width 0.15))
    (fp_circle (center 17.78 -2.286) (end 20.066 0.254) (layer B.Paste) (width 0.15))
    (fp_circle (center -17.018 1.016) (end -13.97 3.048) (layer B.Paste) (width 0.15))
    (fp_line (start -10.922 0.508) (end -10.922 5.334) (layer B.Paste) (width 0.15))
    (fp_line (start -4.318 0.508) (end -4.318 5.334) (layer B.Paste) (width 0.15))
    (fp_line (start -5.842 0.508) (end -5.842 5.334) (layer B.Paste) (width 0.15))
    (fp_line (start -9.398 0.508) (end -9.398 5.334) (layer B.Paste) (width 0.15))
    (fp_line (start -7.62 0.508) (end -7.62 5.334) (layer B.Paste) (width 0.15))
    (fp_line (start -21.59 -10.668) (end 21.59 -10.668) (layer F.SilkS) (width 0.15))
    (fp_line (start 21.59 10.668) (end -21.59 10.668) (layer F.SilkS) (width 0.15))
    (pad "" np_thru_hole circle (at -14.478 -8.128 270) (size 3 3) (drill 3) (layers *.Cu *.Mask F.SilkS))
    (pad "" np_thru_hole circle (at 14.478 8.128 270) (size 3 3) (drill 3) (layers *.Cu *.Mask F.SilkS))
    (pad 2 thru_hole circle (at -19.558 8.636 270) (size 2 2) (drill 1) (layers *.Cu *.Mask F.SilkS)
      (net 1 GND))
    (pad 3 thru_hole circle (at 19.558 8.636 270) (size 2 2) (drill 1) (layers *.Cu *.Mask F.SilkS)
      (net 1 GND))
    (pad 4 thru_hole circle (at 19.558 -8.636 270) (size 2 2) (drill 1) (layers *.Cu *.Mask F.SilkS)
      (net 18 "Net-(F6-Pad2)"))
    (pad 1 thru_hole circle (at -19.558 -8.636 270) (size 2 2) (drill 1) (layers *.Cu *.Mask F.SilkS)
      (net 3 12V))
  )

  (module Connector_PinHeader_1.00mm:PinHeader_1x01_P1.00mm_Horizontal (layer F.Cu) (tedit 59FED737) (tstamp 5C460BBA)
    (at 36.83 19.05 90)
    (descr "Through hole angled pin header, 1x01, 1.00mm pitch, 2.0mm pin length, single row")
    (tags "Through hole angled pin header THT 1x01 1.00mm single row")
    (path /5C472FFA)
    (fp_text reference H2 (at 1.375 -1.5 90) (layer F.SilkS)
      (effects (font (size 1 1) (thickness 0.15)))
    )
    (fp_text value MountingHole_Pad (at 1.375 1.5 90) (layer F.Fab)
      (effects (font (size 1 1) (thickness 0.15)))
    )
    (fp_text user %R (at 0.75 0 180) (layer F.Fab)
      (effects (font (size 0.6 0.6) (thickness 0.09)))
    )
    (fp_line (start 3.75 -1) (end -1 -1) (layer F.CrtYd) (width 0.05))
    (fp_line (start 3.75 1) (end 3.75 -1) (layer F.CrtYd) (width 0.05))
    (fp_line (start -1 1) (end 3.75 1) (layer F.CrtYd) (width 0.05))
    (fp_line (start -1 -1) (end -1 1) (layer F.CrtYd) (width 0.05))
    (fp_line (start -0.685 -0.685) (end 0 -0.685) (layer F.SilkS) (width 0.12))
    (fp_line (start -0.685 0) (end -0.685 -0.685) (layer F.SilkS) (width 0.12))
    (fp_line (start 1.31 0.09) (end 3.31 0.09) (layer F.SilkS) (width 0.12))
    (fp_line (start 1.31 -0.03) (end 3.31 -0.03) (layer F.SilkS) (width 0.12))
    (fp_line (start 1.31 -0.15) (end 3.31 -0.15) (layer F.SilkS) (width 0.12))
    (fp_line (start 3.31 0.21) (end 1.31 0.21) (layer F.SilkS) (width 0.12))
    (fp_line (start 3.31 -0.21) (end 3.31 0.21) (layer F.SilkS) (width 0.12))
    (fp_line (start 1.31 -0.21) (end 3.31 -0.21) (layer F.SilkS) (width 0.12))
    (fp_line (start 1.31 0.56) (end 0.685 0.56) (layer F.SilkS) (width 0.12))
    (fp_line (start 1.31 -0.56) (end 1.31 0.56) (layer F.SilkS) (width 0.12))
    (fp_line (start 0.685 -0.56) (end 1.31 -0.56) (layer F.SilkS) (width 0.12))
    (fp_line (start 1.25 0.15) (end 3.25 0.15) (layer F.Fab) (width 0.1))
    (fp_line (start 3.25 -0.15) (end 3.25 0.15) (layer F.Fab) (width 0.1))
    (fp_line (start 1.25 -0.15) (end 3.25 -0.15) (layer F.Fab) (width 0.1))
    (fp_line (start -0.15 0.15) (end 0.25 0.15) (layer F.Fab) (width 0.1))
    (fp_line (start -0.15 -0.15) (end -0.15 0.15) (layer F.Fab) (width 0.1))
    (fp_line (start -0.15 -0.15) (end 0.25 -0.15) (layer F.Fab) (width 0.1))
    (fp_line (start 0.25 -0.25) (end 0.5 -0.5) (layer F.Fab) (width 0.1))
    (fp_line (start 0.25 0.5) (end 0.25 -0.25) (layer F.Fab) (width 0.1))
    (fp_line (start 1.25 0.5) (end 0.25 0.5) (layer F.Fab) (width 0.1))
    (fp_line (start 1.25 -0.5) (end 1.25 0.5) (layer F.Fab) (width 0.1))
    (fp_line (start 0.5 -0.5) (end 1.25 -0.5) (layer F.Fab) (width 0.1))
    (pad 1 thru_hole rect (at 0 0 90) (size 0.85 0.85) (drill 0.5) (layers *.Cu *.Mask)
      (net 7 18V))
    (model ${KISYS3DMOD}/Connector_PinHeader_1.00mm.3dshapes/PinHeader_1x01_P1.00mm_Horizontal.wrl
      (at (xyz 0 0 0))
      (scale (xyz 1 1 1))
      (rotate (xyz 0 0 0))
    )
  )

  (module Connector_PinHeader_1.00mm:PinHeader_1x01_P1.00mm_Horizontal (layer F.Cu) (tedit 59FED737) (tstamp 5C5FA652)
    (at 82.55 19.05 90)
    (descr "Through hole angled pin header, 1x01, 1.00mm pitch, 2.0mm pin length, single row")
    (tags "Through hole angled pin header THT 1x01 1.00mm single row")
    (path /5C54C766)
    (fp_text reference H8 (at 1.375 -1.5 90) (layer F.SilkS)
      (effects (font (size 1 1) (thickness 0.15)))
    )
    (fp_text value MountingHole_Pad (at 1.375 1.5 90) (layer F.Fab)
      (effects (font (size 1 1) (thickness 0.15)))
    )
    (fp_line (start 0.5 -0.5) (end 1.25 -0.5) (layer F.Fab) (width 0.1))
    (fp_line (start 1.25 -0.5) (end 1.25 0.5) (layer F.Fab) (width 0.1))
    (fp_line (start 1.25 0.5) (end 0.25 0.5) (layer F.Fab) (width 0.1))
    (fp_line (start 0.25 0.5) (end 0.25 -0.25) (layer F.Fab) (width 0.1))
    (fp_line (start 0.25 -0.25) (end 0.5 -0.5) (layer F.Fab) (width 0.1))
    (fp_line (start -0.15 -0.15) (end 0.25 -0.15) (layer F.Fab) (width 0.1))
    (fp_line (start -0.15 -0.15) (end -0.15 0.15) (layer F.Fab) (width 0.1))
    (fp_line (start -0.15 0.15) (end 0.25 0.15) (layer F.Fab) (width 0.1))
    (fp_line (start 1.25 -0.15) (end 3.25 -0.15) (layer F.Fab) (width 0.1))
    (fp_line (start 3.25 -0.15) (end 3.25 0.15) (layer F.Fab) (width 0.1))
    (fp_line (start 1.25 0.15) (end 3.25 0.15) (layer F.Fab) (width 0.1))
    (fp_line (start 0.685 -0.56) (end 1.31 -0.56) (layer F.SilkS) (width 0.12))
    (fp_line (start 1.31 -0.56) (end 1.31 0.56) (layer F.SilkS) (width 0.12))
    (fp_line (start 1.31 0.56) (end 0.685 0.56) (layer F.SilkS) (width 0.12))
    (fp_line (start 1.31 -0.21) (end 3.31 -0.21) (layer F.SilkS) (width 0.12))
    (fp_line (start 3.31 -0.21) (end 3.31 0.21) (layer F.SilkS) (width 0.12))
    (fp_line (start 3.31 0.21) (end 1.31 0.21) (layer F.SilkS) (width 0.12))
    (fp_line (start 1.31 -0.15) (end 3.31 -0.15) (layer F.SilkS) (width 0.12))
    (fp_line (start 1.31 -0.03) (end 3.31 -0.03) (layer F.SilkS) (width 0.12))
    (fp_line (start 1.31 0.09) (end 3.31 0.09) (layer F.SilkS) (width 0.12))
    (fp_line (start -0.685 0) (end -0.685 -0.685) (layer F.SilkS) (width 0.12))
    (fp_line (start -0.685 -0.685) (end 0 -0.685) (layer F.SilkS) (width 0.12))
    (fp_line (start -1 -1) (end -1 1) (layer F.CrtYd) (width 0.05))
    (fp_line (start -1 1) (end 3.75 1) (layer F.CrtYd) (width 0.05))
    (fp_line (start 3.75 1) (end 3.75 -1) (layer F.CrtYd) (width 0.05))
    (fp_line (start 3.75 -1) (end -1 -1) (layer F.CrtYd) (width 0.05))
    (fp_text user %R (at 0.75 0 180) (layer F.Fab)
      (effects (font (size 0.6 0.6) (thickness 0.09)))
    )
    (pad 1 thru_hole rect (at 0 0 90) (size 0.85 0.85) (drill 0.5) (layers *.Cu *.Mask)
      (net 11 MotorExt_12V))
    (model ${KISYS3DMOD}/Connector_PinHeader_1.00mm.3dshapes/PinHeader_1x01_P1.00mm_Horizontal.wrl
      (at (xyz 0 0 0))
      (scale (xyz 1 1 1))
      (rotate (xyz 0 0 0))
    )
  )

  (module Fuse:Fuse_1206_3216Metric_Pad1.42x1.75mm_HandSolder (layer F.Cu) (tedit 5B301BBE) (tstamp 5C5FA8F0)
    (at 103.9225 109.22 180)
    (descr "Fuse SMD 1206 (3216 Metric), square (rectangular) end terminal, IPC_7351 nominal with elongated pad for handsoldering. (Body size source: http://www.tortai-tech.com/upload/download/2011102023233369053.pdf), generated with kicad-footprint-generator")
    (tags "resistor handsolder")
    (path /5C53CC4F)
    (attr smd)
    (fp_text reference F4 (at 0 -1.82 180) (layer F.SilkS)
      (effects (font (size 1 1) (thickness 0.15)))
    )
    (fp_text value Fuse (at 0 1.82 180) (layer F.Fab)
      (effects (font (size 1 1) (thickness 0.15)))
    )
    (fp_line (start -1.6 0.8) (end -1.6 -0.8) (layer F.Fab) (width 0.1))
    (fp_line (start -1.6 -0.8) (end 1.6 -0.8) (layer F.Fab) (width 0.1))
    (fp_line (start 1.6 -0.8) (end 1.6 0.8) (layer F.Fab) (width 0.1))
    (fp_line (start 1.6 0.8) (end -1.6 0.8) (layer F.Fab) (width 0.1))
    (fp_line (start -0.602064 -0.91) (end 0.602064 -0.91) (layer F.SilkS) (width 0.12))
    (fp_line (start -0.602064 0.91) (end 0.602064 0.91) (layer F.SilkS) (width 0.12))
    (fp_line (start -2.45 1.12) (end -2.45 -1.12) (layer F.CrtYd) (width 0.05))
    (fp_line (start -2.45 -1.12) (end 2.45 -1.12) (layer F.CrtYd) (width 0.05))
    (fp_line (start 2.45 -1.12) (end 2.45 1.12) (layer F.CrtYd) (width 0.05))
    (fp_line (start 2.45 1.12) (end -2.45 1.12) (layer F.CrtYd) (width 0.05))
    (fp_text user %R (at 0 0 180) (layer F.Fab)
      (effects (font (size 0.8 0.8) (thickness 0.12)))
    )
    (pad 1 smd roundrect (at -1.4875 0 180) (size 1.425 1.75) (layers F.Cu F.Paste F.Mask) (roundrect_rratio 0.175439)
      (net 11 MotorExt_12V))
    (pad 2 smd roundrect (at 1.4875 0 180) (size 1.425 1.75) (layers F.Cu F.Paste F.Mask) (roundrect_rratio 0.175439)
      (net 17 "Net-(F4-Pad2)"))
    (model ${KISYS3DMOD}/Fuse.3dshapes/Fuse_1206_3216Metric.wrl
      (at (xyz 0 0 0))
      (scale (xyz 1 1 1))
      (rotate (xyz 0 0 0))
    )
  )

  (module Fuse:Fuse_1206_3216Metric_Pad1.42x1.75mm_HandSolder (layer F.Cu) (tedit 5B301BBE) (tstamp 5C5F7E42)
    (at 101.8175 15.24 180)
    (descr "Fuse SMD 1206 (3216 Metric), square (rectangular) end terminal, IPC_7351 nominal with elongated pad for handsoldering. (Body size source: http://www.tortai-tech.com/upload/download/2011102023233369053.pdf), generated with kicad-footprint-generator")
    (tags "resistor handsolder")
    (path /5C4BFA90)
    (attr smd)
    (fp_text reference F2 (at 0 -1.82 180) (layer F.SilkS)
      (effects (font (size 1 1) (thickness 0.15)))
    )
    (fp_text value Fuse (at 0 1.82 180) (layer F.Fab)
      (effects (font (size 1 1) (thickness 0.15)))
    )
    (fp_text user %R (at 0 0 180) (layer F.Fab)
      (effects (font (size 0.8 0.8) (thickness 0.12)))
    )
    (fp_line (start 2.45 1.12) (end -2.45 1.12) (layer F.CrtYd) (width 0.05))
    (fp_line (start 2.45 -1.12) (end 2.45 1.12) (layer F.CrtYd) (width 0.05))
    (fp_line (start -2.45 -1.12) (end 2.45 -1.12) (layer F.CrtYd) (width 0.05))
    (fp_line (start -2.45 1.12) (end -2.45 -1.12) (layer F.CrtYd) (width 0.05))
    (fp_line (start -0.602064 0.91) (end 0.602064 0.91) (layer F.SilkS) (width 0.12))
    (fp_line (start -0.602064 -0.91) (end 0.602064 -0.91) (layer F.SilkS) (width 0.12))
    (fp_line (start 1.6 0.8) (end -1.6 0.8) (layer F.Fab) (width 0.1))
    (fp_line (start 1.6 -0.8) (end 1.6 0.8) (layer F.Fab) (width 0.1))
    (fp_line (start -1.6 -0.8) (end 1.6 -0.8) (layer F.Fab) (width 0.1))
    (fp_line (start -1.6 0.8) (end -1.6 -0.8) (layer F.Fab) (width 0.1))
    (pad 2 smd roundrect (at 1.4875 0 180) (size 1.425 1.75) (layers F.Cu F.Paste F.Mask) (roundrect_rratio 0.175439)
      (net 12 "Net-(F2-Pad2)"))
    (pad 1 smd roundrect (at -1.4875 0 180) (size 1.425 1.75) (layers F.Cu F.Paste F.Mask) (roundrect_rratio 0.175439)
      (net 14 Raspberr_5V))
    (model ${KISYS3DMOD}/Fuse.3dshapes/Fuse_1206_3216Metric.wrl
      (at (xyz 0 0 0))
      (scale (xyz 1 1 1))
      (rotate (xyz 0 0 0))
    )
  )

  (module Fuse:Fuse_1206_3216Metric_Pad1.42x1.75mm_HandSolder (layer F.Cu) (tedit 5B301BBE) (tstamp 5C5FAE58)
    (at 147.32 35.7775 90)
    (descr "Fuse SMD 1206 (3216 Metric), square (rectangular) end terminal, IPC_7351 nominal with elongated pad for handsoldering. (Body size source: http://www.tortai-tech.com/upload/download/2011102023233369053.pdf), generated with kicad-footprint-generator")
    (tags "resistor handsolder")
    (path /5C4BE903)
    (attr smd)
    (fp_text reference F3 (at 0 -1.82 90) (layer F.SilkS)
      (effects (font (size 1 1) (thickness 0.15)))
    )
    (fp_text value Fuse (at 0 1.82 90) (layer F.Fab)
      (effects (font (size 1 1) (thickness 0.15)))
    )
    (fp_line (start -1.6 0.8) (end -1.6 -0.8) (layer F.Fab) (width 0.1))
    (fp_line (start -1.6 -0.8) (end 1.6 -0.8) (layer F.Fab) (width 0.1))
    (fp_line (start 1.6 -0.8) (end 1.6 0.8) (layer F.Fab) (width 0.1))
    (fp_line (start 1.6 0.8) (end -1.6 0.8) (layer F.Fab) (width 0.1))
    (fp_line (start -0.602064 -0.91) (end 0.602064 -0.91) (layer F.SilkS) (width 0.12))
    (fp_line (start -0.602064 0.91) (end 0.602064 0.91) (layer F.SilkS) (width 0.12))
    (fp_line (start -2.45 1.12) (end -2.45 -1.12) (layer F.CrtYd) (width 0.05))
    (fp_line (start -2.45 -1.12) (end 2.45 -1.12) (layer F.CrtYd) (width 0.05))
    (fp_line (start 2.45 -1.12) (end 2.45 1.12) (layer F.CrtYd) (width 0.05))
    (fp_line (start 2.45 1.12) (end -2.45 1.12) (layer F.CrtYd) (width 0.05))
    (fp_text user %R (at 0 0 90) (layer F.Fab)
      (effects (font (size 0.8 0.8) (thickness 0.12)))
    )
    (pad 1 smd roundrect (at -1.4875 0 90) (size 1.425 1.75) (layers F.Cu F.Paste F.Mask) (roundrect_rratio 0.175439)
      (net 2 Logical_10V))
    (pad 2 smd roundrect (at 1.4875 0 90) (size 1.425 1.75) (layers F.Cu F.Paste F.Mask) (roundrect_rratio 0.175439)
      (net 13 "Net-(F3-Pad2)"))
    (model ${KISYS3DMOD}/Fuse.3dshapes/Fuse_1206_3216Metric.wrl
      (at (xyz 0 0 0))
      (scale (xyz 1 1 1))
      (rotate (xyz 0 0 0))
    )
  )

  (module Fuse:Fuse_1206_3216Metric_Pad1.42x1.75mm_HandSolder (layer F.Cu) (tedit 5B301BBE) (tstamp 5C5FA920)
    (at 32.8025 109.22 180)
    (descr "Fuse SMD 1206 (3216 Metric), square (rectangular) end terminal, IPC_7351 nominal with elongated pad for handsoldering. (Body size source: http://www.tortai-tech.com/upload/download/2011102023233369053.pdf), generated with kicad-footprint-generator")
    (tags "resistor handsolder")
    (path /5C4AC65B)
    (attr smd)
    (fp_text reference F6 (at 0 -1.82 180) (layer F.SilkS)
      (effects (font (size 1 1) (thickness 0.15)))
    )
    (fp_text value Fuse (at 0 1.82) (layer F.Fab)
      (effects (font (size 1 1) (thickness 0.15)))
    )
    (fp_text user %R (at 0 0 180) (layer F.Fab)
      (effects (font (size 0.8 0.8) (thickness 0.12)))
    )
    (fp_line (start 2.45 1.12) (end -2.45 1.12) (layer F.CrtYd) (width 0.05))
    (fp_line (start 2.45 -1.12) (end 2.45 1.12) (layer F.CrtYd) (width 0.05))
    (fp_line (start -2.45 -1.12) (end 2.45 -1.12) (layer F.CrtYd) (width 0.05))
    (fp_line (start -2.45 1.12) (end -2.45 -1.12) (layer F.CrtYd) (width 0.05))
    (fp_line (start -0.602064 0.91) (end 0.602064 0.91) (layer F.SilkS) (width 0.12))
    (fp_line (start -0.602064 -0.91) (end 0.602064 -0.91) (layer F.SilkS) (width 0.12))
    (fp_line (start 1.6 0.8) (end -1.6 0.8) (layer F.Fab) (width 0.1))
    (fp_line (start 1.6 -0.8) (end 1.6 0.8) (layer F.Fab) (width 0.1))
    (fp_line (start -1.6 -0.8) (end 1.6 -0.8) (layer F.Fab) (width 0.1))
    (fp_line (start -1.6 0.8) (end -1.6 -0.8) (layer F.Fab) (width 0.1))
    (pad 2 smd roundrect (at 1.4875 0 180) (size 1.425 1.75) (layers F.Cu F.Paste F.Mask) (roundrect_rratio 0.175439)
      (net 18 "Net-(F6-Pad2)"))
    (pad 1 smd roundrect (at -1.4875 0 180) (size 1.425 1.75) (layers F.Cu F.Paste F.Mask) (roundrect_rratio 0.175439)
      (net 5 Motor2_12V))
    (model ${KISYS3DMOD}/Fuse.3dshapes/Fuse_1206_3216Metric.wrl
      (at (xyz 0 0 0))
      (scale (xyz 1 1 1))
      (rotate (xyz 0 0 0))
    )
  )

  (module Fuse:Fuse_1206_3216Metric_Pad1.42x1.75mm_HandSolder (layer F.Cu) (tedit 5B301BBE) (tstamp 5C5FA950)
    (at 67.0925 109.22 180)
    (descr "Fuse SMD 1206 (3216 Metric), square (rectangular) end terminal, IPC_7351 nominal with elongated pad for handsoldering. (Body size source: http://www.tortai-tech.com/upload/download/2011102023233369053.pdf), generated with kicad-footprint-generator")
    (tags "resistor handsolder")
    (path /5C4A7425)
    (attr smd)
    (fp_text reference F5 (at 0 -1.82 180) (layer F.SilkS)
      (effects (font (size 1 1) (thickness 0.15)))
    )
    (fp_text value Fuse (at 0 1.82 270) (layer F.Fab)
      (effects (font (size 1 1) (thickness 0.15)))
    )
    (fp_line (start -1.6 0.8) (end -1.6 -0.8) (layer F.Fab) (width 0.1))
    (fp_line (start -1.6 -0.8) (end 1.6 -0.8) (layer F.Fab) (width 0.1))
    (fp_line (start 1.6 -0.8) (end 1.6 0.8) (layer F.Fab) (width 0.1))
    (fp_line (start 1.6 0.8) (end -1.6 0.8) (layer F.Fab) (width 0.1))
    (fp_line (start -0.602064 -0.91) (end 0.602064 -0.91) (layer F.SilkS) (width 0.12))
    (fp_line (start -0.602064 0.91) (end 0.602064 0.91) (layer F.SilkS) (width 0.12))
    (fp_line (start -2.45 1.12) (end -2.45 -1.12) (layer F.CrtYd) (width 0.05))
    (fp_line (start -2.45 -1.12) (end 2.45 -1.12) (layer F.CrtYd) (width 0.05))
    (fp_line (start 2.45 -1.12) (end 2.45 1.12) (layer F.CrtYd) (width 0.05))
    (fp_line (start 2.45 1.12) (end -2.45 1.12) (layer F.CrtYd) (width 0.05))
    (fp_text user %R (at 0 0 270) (layer F.Fab)
      (effects (font (size 0.8 0.8) (thickness 0.12)))
    )
    (pad 1 smd roundrect (at -1.4875 0 180) (size 1.425 1.75) (layers F.Cu F.Paste F.Mask) (roundrect_rratio 0.175439)
      (net 4 Motor1_12V))
    (pad 2 smd roundrect (at 1.4875 0 180) (size 1.425 1.75) (layers F.Cu F.Paste F.Mask) (roundrect_rratio 0.175439)
      (net 19 "Net-(F5-Pad2)"))
    (model ${KISYS3DMOD}/Fuse.3dshapes/Fuse_1206_3216Metric.wrl
      (at (xyz 0 0 0))
      (scale (xyz 1 1 1))
      (rotate (xyz 0 0 0))
    )
  )

  (module LED_SMD:LED_1206_3216Metric_Pad1.42x1.75mm_HandSolder (layer F.Cu) (tedit 5B4B45C9) (tstamp 5C5F7DFE)
    (at 103.9575 105.41 180)
    (descr "LED SMD 1206 (3216 Metric), square (rectangular) end terminal, IPC_7351 nominal, (Body size source: http://www.tortai-tech.com/upload/download/2011102023233369053.pdf), generated with kicad-footprint-generator")
    (tags "LED handsolder")
    (path /5C53CC3A)
    (attr smd)
    (fp_text reference D7 (at 0 -1.82 180) (layer F.SilkS)
      (effects (font (size 1 1) (thickness 0.15)))
    )
    (fp_text value LED (at 0 1.82 270) (layer F.Fab)
      (effects (font (size 1 1) (thickness 0.15)))
    )
    (fp_text user %R (at 0 0 270) (layer F.Fab)
      (effects (font (size 0.8 0.8) (thickness 0.12)))
    )
    (fp_line (start 2.45 1.12) (end -2.45 1.12) (layer F.CrtYd) (width 0.05))
    (fp_line (start 2.45 -1.12) (end 2.45 1.12) (layer F.CrtYd) (width 0.05))
    (fp_line (start -2.45 -1.12) (end 2.45 -1.12) (layer F.CrtYd) (width 0.05))
    (fp_line (start -2.45 1.12) (end -2.45 -1.12) (layer F.CrtYd) (width 0.05))
    (fp_line (start -2.46 1.135) (end 1.6 1.135) (layer F.SilkS) (width 0.12))
    (fp_line (start -2.46 -1.135) (end -2.46 1.135) (layer F.SilkS) (width 0.12))
    (fp_line (start 1.6 -1.135) (end -2.46 -1.135) (layer F.SilkS) (width 0.12))
    (fp_line (start 1.6 0.8) (end 1.6 -0.8) (layer F.Fab) (width 0.1))
    (fp_line (start -1.6 0.8) (end 1.6 0.8) (layer F.Fab) (width 0.1))
    (fp_line (start -1.6 -0.4) (end -1.6 0.8) (layer F.Fab) (width 0.1))
    (fp_line (start -1.2 -0.8) (end -1.6 -0.4) (layer F.Fab) (width 0.1))
    (fp_line (start 1.6 -0.8) (end -1.2 -0.8) (layer F.Fab) (width 0.1))
    (pad 2 smd roundrect (at 1.4875 0 180) (size 1.425 1.75) (layers F.Cu F.Paste F.Mask) (roundrect_rratio 0.175439)
      (net 15 "Net-(D7-Pad2)"))
    (pad 1 smd roundrect (at -1.4875 0 180) (size 1.425 1.75) (layers F.Cu F.Paste F.Mask) (roundrect_rratio 0.175439)
      (net 1 GND))
    (model ${KISYS3DMOD}/LED_SMD.3dshapes/LED_1206_3216Metric.wrl
      (at (xyz 0 0 0))
      (scale (xyz 1 1 1))
      (rotate (xyz 0 0 0))
    )
  )

  (module LED_SMD:LED_1206_3216Metric_Pad1.42x1.75mm_HandSolder (layer F.Cu) (tedit 5B4B45C9) (tstamp 5C5FD792)
    (at 24.13 32.8025 270)
    (descr "LED SMD 1206 (3216 Metric), square (rectangular) end terminal, IPC_7351 nominal, (Body size source: http://www.tortai-tech.com/upload/download/2011102023233369053.pdf), generated with kicad-footprint-generator")
    (tags "LED handsolder")
    (path /5C530814)
    (attr smd)
    (fp_text reference D6 (at 0 -1.82 270) (layer F.SilkS)
      (effects (font (size 1 1) (thickness 0.15)))
    )
    (fp_text value LED (at 0 1.82 270) (layer F.Fab)
      (effects (font (size 1 1) (thickness 0.15)))
    )
    (fp_line (start 1.6 -0.8) (end -1.2 -0.8) (layer F.Fab) (width 0.1))
    (fp_line (start -1.2 -0.8) (end -1.6 -0.4) (layer F.Fab) (width 0.1))
    (fp_line (start -1.6 -0.4) (end -1.6 0.8) (layer F.Fab) (width 0.1))
    (fp_line (start -1.6 0.8) (end 1.6 0.8) (layer F.Fab) (width 0.1))
    (fp_line (start 1.6 0.8) (end 1.6 -0.8) (layer F.Fab) (width 0.1))
    (fp_line (start 1.6 -1.135) (end -2.46 -1.135) (layer F.SilkS) (width 0.12))
    (fp_line (start -2.46 -1.135) (end -2.46 1.135) (layer F.SilkS) (width 0.12))
    (fp_line (start -2.46 1.135) (end 1.6 1.135) (layer F.SilkS) (width 0.12))
    (fp_line (start -2.45 1.12) (end -2.45 -1.12) (layer F.CrtYd) (width 0.05))
    (fp_line (start -2.45 -1.12) (end 2.45 -1.12) (layer F.CrtYd) (width 0.05))
    (fp_line (start 2.45 -1.12) (end 2.45 1.12) (layer F.CrtYd) (width 0.05))
    (fp_line (start 2.45 1.12) (end -2.45 1.12) (layer F.CrtYd) (width 0.05))
    (fp_text user %R (at 0 0) (layer F.Fab)
      (effects (font (size 0.8 0.8) (thickness 0.12)))
    )
    (pad 1 smd roundrect (at -1.4875 0 270) (size 1.425 1.75) (layers F.Cu F.Paste F.Mask) (roundrect_rratio 0.175439)
      (net 1 GND))
    (pad 2 smd roundrect (at 1.4875 0 270) (size 1.425 1.75) (layers F.Cu F.Paste F.Mask) (roundrect_rratio 0.175439)
      (net 16 "Net-(D6-Pad2)"))
    (model ${KISYS3DMOD}/LED_SMD.3dshapes/LED_1206_3216Metric.wrl
      (at (xyz 0 0 0))
      (scale (xyz 1 1 1))
      (rotate (xyz 0 0 0))
    )
  )

  (module Resistor_SMD:R_1206_3216Metric_Pad1.42x1.75mm_HandSolder (layer F.Cu) (tedit 5B301BBD) (tstamp 5C5F7D5A)
    (at 29.21 31.5325 270)
    (descr "Resistor SMD 1206 (3216 Metric), square (rectangular) end terminal, IPC_7351 nominal with elongated pad for handsoldering. (Body size source: http://www.tortai-tech.com/upload/download/2011102023233369053.pdf), generated with kicad-footprint-generator")
    (tags "resistor handsolder")
    (path /5C53072E)
    (attr smd)
    (fp_text reference R5 (at 0 -1.82 270) (layer F.SilkS)
      (effects (font (size 1 1) (thickness 0.15)))
    )
    (fp_text value R (at 0 1.82 270) (layer F.Fab)
      (effects (font (size 1 1) (thickness 0.15)))
    )
    (fp_text user %R (at 0 0 270) (layer F.Fab)
      (effects (font (size 0.8 0.8) (thickness 0.12)))
    )
    (fp_line (start 2.45 1.12) (end -2.45 1.12) (layer F.CrtYd) (width 0.05))
    (fp_line (start 2.45 -1.12) (end 2.45 1.12) (layer F.CrtYd) (width 0.05))
    (fp_line (start -2.45 -1.12) (end 2.45 -1.12) (layer F.CrtYd) (width 0.05))
    (fp_line (start -2.45 1.12) (end -2.45 -1.12) (layer F.CrtYd) (width 0.05))
    (fp_line (start -0.602064 0.91) (end 0.602064 0.91) (layer F.SilkS) (width 0.12))
    (fp_line (start -0.602064 -0.91) (end 0.602064 -0.91) (layer F.SilkS) (width 0.12))
    (fp_line (start 1.6 0.8) (end -1.6 0.8) (layer F.Fab) (width 0.1))
    (fp_line (start 1.6 -0.8) (end 1.6 0.8) (layer F.Fab) (width 0.1))
    (fp_line (start -1.6 -0.8) (end 1.6 -0.8) (layer F.Fab) (width 0.1))
    (fp_line (start -1.6 0.8) (end -1.6 -0.8) (layer F.Fab) (width 0.1))
    (pad 2 smd roundrect (at 1.4875 0 270) (size 1.425 1.75) (layers F.Cu F.Paste F.Mask) (roundrect_rratio 0.175439)
      (net 16 "Net-(D6-Pad2)"))
    (pad 1 smd roundrect (at -1.4875 0 270) (size 1.425 1.75) (layers F.Cu F.Paste F.Mask) (roundrect_rratio 0.175439)
      (net 7 18V))
    (model ${KISYS3DMOD}/Resistor_SMD.3dshapes/R_1206_3216Metric.wrl
      (at (xyz 0 0 0))
      (scale (xyz 1 1 1))
      (rotate (xyz 0 0 0))
    )
  )

  (module Resistor_SMD:R_1206_3216Metric_Pad1.42x1.75mm_HandSolder (layer F.Cu) (tedit 5B301BBD) (tstamp 5C5F7D29)
    (at 103.802501 102.635001 180)
    (descr "Resistor SMD 1206 (3216 Metric), square (rectangular) end terminal, IPC_7351 nominal with elongated pad for handsoldering. (Body size source: http://www.tortai-tech.com/upload/download/2011102023233369053.pdf), generated with kicad-footprint-generator")
    (tags "resistor handsolder")
    (path /5C53CC41)
    (attr smd)
    (fp_text reference R6 (at 0 -1.82 180) (layer F.SilkS)
      (effects (font (size 1 1) (thickness 0.15)))
    )
    (fp_text value R (at 0 1.82 180) (layer F.Fab)
      (effects (font (size 1 1) (thickness 0.15)))
    )
    (fp_line (start -1.6 0.8) (end -1.6 -0.8) (layer F.Fab) (width 0.1))
    (fp_line (start -1.6 -0.8) (end 1.6 -0.8) (layer F.Fab) (width 0.1))
    (fp_line (start 1.6 -0.8) (end 1.6 0.8) (layer F.Fab) (width 0.1))
    (fp_line (start 1.6 0.8) (end -1.6 0.8) (layer F.Fab) (width 0.1))
    (fp_line (start -0.602064 -0.91) (end 0.602064 -0.91) (layer F.SilkS) (width 0.12))
    (fp_line (start -0.602064 0.91) (end 0.602064 0.91) (layer F.SilkS) (width 0.12))
    (fp_line (start -2.45 1.12) (end -2.45 -1.12) (layer F.CrtYd) (width 0.05))
    (fp_line (start -2.45 -1.12) (end 2.45 -1.12) (layer F.CrtYd) (width 0.05))
    (fp_line (start 2.45 -1.12) (end 2.45 1.12) (layer F.CrtYd) (width 0.05))
    (fp_line (start 2.45 1.12) (end -2.45 1.12) (layer F.CrtYd) (width 0.05))
    (fp_text user %R (at 0 0 180) (layer F.Fab)
      (effects (font (size 0.8 0.8) (thickness 0.12)))
    )
    (pad 1 smd roundrect (at -1.4875 0 180) (size 1.425 1.75) (layers F.Cu F.Paste F.Mask) (roundrect_rratio 0.175439)
      (net 11 MotorExt_12V))
    (pad 2 smd roundrect (at 1.4875 0 180) (size 1.425 1.75) (layers F.Cu F.Paste F.Mask) (roundrect_rratio 0.175439)
      (net 15 "Net-(D7-Pad2)"))
    (model ${KISYS3DMOD}/Resistor_SMD.3dshapes/R_1206_3216Metric.wrl
      (at (xyz 0 0 0))
      (scale (xyz 1 1 1))
      (rotate (xyz 0 0 0))
    )
  )

  (module "dsn2596:B plug 5mm" (layer F.Cu) (tedit 57092EFC) (tstamp 5C5F7CC8)
    (at 123.19 101.6 90)
    (path /5C53CC2A)
    (fp_text reference U20 (at 0 -7.5 90) (layer F.SilkS)
      (effects (font (size 1 1) (thickness 0.15)))
    )
    (fp_text value B_Plug_5mm (at 0 -9.5 90) (layer F.Fab)
      (effects (font (size 1 1) (thickness 0.15)))
    )
    (fp_line (start -8.5 -5.685) (end -8.5 5.685) (layer F.SilkS) (width 0.15))
    (fp_line (start -7 -5.685) (end -7 5.685) (layer F.SilkS) (width 0.15))
    (fp_line (start -10 5.685) (end 0 5.685) (layer F.SilkS) (width 0.15))
    (fp_line (start -10 -5.685) (end -10 5.685) (layer F.SilkS) (width 0.15))
    (fp_line (start 0 -5.685) (end -10 -5.685) (layer F.SilkS) (width 0.15))
    (fp_line (start 2 5.685) (end 0 5.685) (layer F.SilkS) (width 0.15))
    (fp_line (start 2 -5.685) (end 2 5.685) (layer F.SilkS) (width 0.15))
    (fp_line (start 0 -5.685) (end 2 -5.685) (layer F.SilkS) (width 0.15))
    (fp_line (start 2 -5.685) (end 2 5.685) (layer F.SilkS) (width 0.15))
    (pad 1 thru_hole circle (at 0 -2.5 90) (size 2 2) (drill 1.5) (layers *.Cu *.Mask F.SilkS)
      (net 11 MotorExt_12V))
    (pad 2 thru_hole circle (at 0 2.5 90) (size 2 2) (drill 1.5) (layers *.Cu *.Mask F.SilkS)
      (net 1 GND))
  )

  (module dsn2596:DSN2596 (layer F.Cu) (tedit 5704CEDC) (tstamp 5C5F7AC9)
    (at 78.74 39.37)
    (path /5C4B1B1D)
    (fp_text reference U2 (at -7.112 -2.54) (layer F.SilkS)
      (effects (font (size 1 1) (thickness 0.15)))
    )
    (fp_text value DSN2596 (at -7.366 -5.08) (layer F.Fab)
      (effects (font (size 1 1) (thickness 0.15)))
    )
    (fp_line (start -21.59 10.668) (end -21.59 -10.668) (layer F.SilkS) (width 0.15))
    (fp_line (start 21.59 -10.668) (end 21.59 10.668) (layer F.SilkS) (width 0.15))
    (fp_line (start 13.462 -9.652) (end 13.462 -5.842) (layer B.Paste) (width 0.15))
    (fp_line (start 2.032 -9.652) (end 13.462 -9.652) (layer B.Paste) (width 0.15))
    (fp_line (start 2.032 -5.842) (end 2.032 -9.652) (layer B.Paste) (width 0.15))
    (fp_line (start 13.462 -5.842) (end 2.032 -5.842) (layer B.Paste) (width 0.15))
    (fp_line (start 12.446 -4.318) (end -1.27 -4.318) (layer B.Paste) (width 0.15))
    (fp_line (start 12.446 9.144) (end 12.446 -4.318) (layer B.Paste) (width 0.15))
    (fp_line (start -1.27 9.144) (end 12.446 9.144) (layer B.Paste) (width 0.15))
    (fp_line (start -1.27 -4.318) (end -1.27 9.144) (layer B.Paste) (width 0.15))
    (fp_line (start -11.938 0.508) (end -3.048 0.508) (layer B.Paste) (width 0.15))
    (fp_line (start -11.938 0.254) (end -11.938 0.508) (layer B.Paste) (width 0.15))
    (fp_line (start -11.938 -8.128) (end -11.938 0.254) (layer B.Paste) (width 0.15))
    (fp_line (start -3.048 -8.128) (end -11.938 -8.128) (layer B.Paste) (width 0.15))
    (fp_line (start -3.048 0.508) (end -3.048 -8.128) (layer B.Paste) (width 0.15))
    (fp_circle (center 17.78 -2.286) (end 20.066 0.254) (layer B.Paste) (width 0.15))
    (fp_circle (center -17.018 1.016) (end -13.97 3.048) (layer B.Paste) (width 0.15))
    (fp_line (start -10.922 0.508) (end -10.922 5.334) (layer B.Paste) (width 0.15))
    (fp_line (start -4.318 0.508) (end -4.318 5.334) (layer B.Paste) (width 0.15))
    (fp_line (start -5.842 0.508) (end -5.842 5.334) (layer B.Paste) (width 0.15))
    (fp_line (start -9.398 0.508) (end -9.398 5.334) (layer B.Paste) (width 0.15))
    (fp_line (start -7.62 0.508) (end -7.62 5.334) (layer B.Paste) (width 0.15))
    (fp_line (start -21.59 -10.668) (end 21.59 -10.668) (layer F.SilkS) (width 0.15))
    (fp_line (start 21.59 10.668) (end -21.59 10.668) (layer F.SilkS) (width 0.15))
    (pad "" np_thru_hole circle (at -14.478 -8.128) (size 3 3) (drill 3) (layers *.Cu *.Mask F.SilkS))
    (pad "" np_thru_hole circle (at 14.478 8.128) (size 3 3) (drill 3) (layers *.Cu *.Mask F.SilkS))
    (pad 2 thru_hole circle (at -19.558 8.636) (size 2 2) (drill 1) (layers *.Cu *.Mask F.SilkS)
      (net 1 GND))
    (pad 3 thru_hole circle (at 19.558 8.636) (size 2 2) (drill 1) (layers *.Cu *.Mask F.SilkS)
      (net 1 GND))
    (pad 4 thru_hole circle (at 19.558 -8.636) (size 2 2) (drill 1) (layers *.Cu *.Mask F.SilkS)
      (net 12 "Net-(F2-Pad2)"))
    (pad 1 thru_hole circle (at -19.558 -8.636) (size 2 2) (drill 1) (layers *.Cu *.Mask F.SilkS)
      (net 7 18V))
  )

  (module dsn2596:DSN2596 (layer F.Cu) (tedit 5704CEDC) (tstamp 5C5F7AC8)
    (at 93.98 74.93 270)
    (path /5C53CC17)
    (fp_text reference U19 (at -7.112 -2.54 270) (layer F.SilkS)
      (effects (font (size 1 1) (thickness 0.15)))
    )
    (fp_text value DSN2596 (at -7.366 -5.08 270) (layer F.Fab)
      (effects (font (size 1 1) (thickness 0.15)))
    )
    (fp_line (start 21.59 10.668) (end -21.59 10.668) (layer F.SilkS) (width 0.15))
    (fp_line (start -21.59 -10.668) (end 21.59 -10.668) (layer F.SilkS) (width 0.15))
    (fp_line (start -7.62 0.508) (end -7.62 5.334) (layer B.Paste) (width 0.15))
    (fp_line (start -9.398 0.508) (end -9.398 5.334) (layer B.Paste) (width 0.15))
    (fp_line (start -5.842 0.508) (end -5.842 5.334) (layer B.Paste) (width 0.15))
    (fp_line (start -4.318 0.508) (end -4.318 5.334) (layer B.Paste) (width 0.15))
    (fp_line (start -10.922 0.508) (end -10.922 5.334) (layer B.Paste) (width 0.15))
    (fp_circle (center -17.018 1.016) (end -13.97 3.048) (layer B.Paste) (width 0.15))
    (fp_circle (center 17.78 -2.286) (end 20.066 0.254) (layer B.Paste) (width 0.15))
    (fp_line (start -3.048 0.508) (end -3.048 -8.128) (layer B.Paste) (width 0.15))
    (fp_line (start -3.048 -8.128) (end -11.938 -8.128) (layer B.Paste) (width 0.15))
    (fp_line (start -11.938 -8.128) (end -11.938 0.254) (layer B.Paste) (width 0.15))
    (fp_line (start -11.938 0.254) (end -11.938 0.508) (layer B.Paste) (width 0.15))
    (fp_line (start -11.938 0.508) (end -3.048 0.508) (layer B.Paste) (width 0.15))
    (fp_line (start -1.27 -4.318) (end -1.27 9.144) (layer B.Paste) (width 0.15))
    (fp_line (start -1.27 9.144) (end 12.446 9.144) (layer B.Paste) (width 0.15))
    (fp_line (start 12.446 9.144) (end 12.446 -4.318) (layer B.Paste) (width 0.15))
    (fp_line (start 12.446 -4.318) (end -1.27 -4.318) (layer B.Paste) (width 0.15))
    (fp_line (start 13.462 -5.842) (end 2.032 -5.842) (layer B.Paste) (width 0.15))
    (fp_line (start 2.032 -5.842) (end 2.032 -9.652) (layer B.Paste) (width 0.15))
    (fp_line (start 2.032 -9.652) (end 13.462 -9.652) (layer B.Paste) (width 0.15))
    (fp_line (start 13.462 -9.652) (end 13.462 -5.842) (layer B.Paste) (width 0.15))
    (fp_line (start 21.59 -10.668) (end 21.59 10.668) (layer F.SilkS) (width 0.15))
    (fp_line (start -21.59 10.668) (end -21.59 -10.668) (layer F.SilkS) (width 0.15))
    (pad 1 thru_hole circle (at -19.558 -8.636 270) (size 2 2) (drill 1) (layers *.Cu *.Mask F.SilkS)
      (net 3 12V))
    (pad 4 thru_hole circle (at 19.558 -8.636 270) (size 2 2) (drill 1) (layers *.Cu *.Mask F.SilkS)
      (net 17 "Net-(F4-Pad2)"))
    (pad 3 thru_hole circle (at 19.558 8.636 270) (size 2 2) (drill 1) (layers *.Cu *.Mask F.SilkS)
      (net 1 GND))
    (pad 2 thru_hole circle (at -19.558 8.636 270) (size 2 2) (drill 1) (layers *.Cu *.Mask F.SilkS)
      (net 1 GND))
    (pad "" np_thru_hole circle (at 14.478 8.128 270) (size 3 3) (drill 3) (layers *.Cu *.Mask F.SilkS))
    (pad "" np_thru_hole circle (at -14.478 -8.128 270) (size 3 3) (drill 3) (layers *.Cu *.Mask F.SilkS))
  )

  (module LED_SMD:LED_1206_3216Metric_Pad1.42x1.75mm_HandSolder (layer F.Cu) (tedit 5B4B45C9) (tstamp 5C47618B)
    (at 101.3825 19.05)
    (descr "LED SMD 1206 (3216 Metric), square (rectangular) end terminal, IPC_7351 nominal, (Body size source: http://www.tortai-tech.com/upload/download/2011102023233369053.pdf), generated with kicad-footprint-generator")
